0,0,-1,-1,8,6,20,11111110100000000000
RELATIONCAT,6,8,4,4,20
ATTRIBUTECAT,6,36,5,56,20
Toys,4,1000,6,38,31
ToyColours,2,1000,39,55,61
ToysForSale,4,410,57,70,31
ToysToReorder,4,182,71,76,31
ToysCopy,4,1000,77,109,31
NULL,4,1000,77,109,31
BlueToys,2,165,116,118,61
NULL,2,165,116,118,61
NULL,2,165,116,118,61
NULL,2,165,116,118,61
NULL,2,165,116,118,61
NULL,2,165,116,118,61
NULL,2,165,116,118,61
NULL,2,165,116,118,61
NULL,2,165,116,118,61
NULL,2,165,116,118,61
NULL,2,165,116,118,61
NULL,2,165,116,118,61
